14.000000000000002,29.555555555555557,27.77777777777778,38.44444444444444,36.44444444444444,53.333333333333336,60.22222222222222,69.11111111111111,58.22222222222222,64.0,62.44444444444445,59.55555555555555,66.44444444444444,69.11111111111111,73.77777777777777,71.33333333333334,74.22222222222223,69.33333333333334,80.44444444444444,75.77777777777777,77.33333333333333,74.8888888888889,63.33333333333333,79.77777777777779,78.44444444444446,75.77777777777777,76.0,69.33333333333334,73.11111111111111,78.88888888888889,71.77777777777777,70.88888888888889,77.11111111111111,60.22222222222222,72.0,78.88888888888889,73.33333333333333,69.33333333333334,76.0,59.111111111111114
[[ 0  0  0 14  6  0  0  0  0 24  0]
 [ 0 12  0  0  0  0  0  5  5 12 13]
 [ 0  3  0  1  0  0  2  0  2 38  5]
 [ 0  0  0  0  1  0  2  0  0 24 13]
 [ 0  0  0  0 15  0  0 18  8  1  3]
 [ 0  0  0  0  1  0  0  0  0 40  1]
 [ 0  0  0  0  0  0  0  3  0 41  2]
 [ 0  0  0  0  0  1  0 12  5  1 28]
 [ 0  1  0  0  0  0  0  4  2 36  8]
 [ 0  0  0  1  1  0  0  1  0 22 12]
 [ 0  0  0  0  0  0  0  0  0  0  0]],
[[17  0  0  0  0  0 26  0  0  0  1]
 [ 0 12  4  0  2  6  2  6 11  0  4]
 [11  8  5  0  0  6 14  0  6  0  1]
 [ 2  0  3  0  1  3  5 14  2  0 10]
 [ 1  0  0  0 13  5 13  0  3  0 10]
 [ 0  0  1  0  2 34  0  1  1  1  2]
 [ 1  0  0  0  4  3 33  0  3  1  1]
 [ 0  1 19  0  1  1  7  1  8  0  9]
 [ 0  2  1  0  4  2  9  0 17  0 16]
 [ 2  5  1  0  1  4  3  3  3  1 14]
 [ 0  0  0  0  0  0  0  0  0  0  0]],
[[ 0  4  0 23  0  1  1  0  0  2 13]
 [ 0 13  0  2  5  2  8  2  5  0 10]
 [ 2  1 10  0  1  4  8  1 13  0 11]
 [ 1  1  0 12  0  1  8  0  2  5 10]
 [ 6  8  0  0  8  9  0  3  1  0 10]
 [ 0  1  1  3  0 18  7  0  3  4  5]
 [ 0  0  0  0  0  0 39  2  0  1  4]
 [ 1  0  2  0  3  2  1  1 11  0 26]
 [ 1  1  0  0  3  0  4  4 11 11 16]
 [ 3  1  1  8  0  4  3  1  1 13  2]
 [ 0  0  0  0  0  0  0  0  0  0  0]],
[[23  1  0  5  2  7  0  0  0  0  6]
 [ 1 13  3  0  1  1  3  0 11  0 14]
 [ 3  1 30  0  0  0 15  0  2  0  0]
 [20  0  8  0  0  1  5  1  2  0  3]
 [ 1  1  0  0 34  4  0  1  1  0  3]
 [ 5  6  1  0  2 24  0  0  2  0  2]
 [ 1  0  0  1  3 21  8  1  0  0 11]
 [ 0  1  8  0  1  0  1 24  6  0  6]
 [ 5  3  3  2  1  4  4  0 17  0 12]
 [15  6  1  0  2  0  4  2  2  0  5]
 [ 0  0  0  0  0  0  0  0  0  0  0]],
[[ 2  1  0 27  1  0  0  1  1  3  8]
 [ 1 28  0  3  2  0  0  2  5  1  5]
 [ 0 11 13  6  0  0  0 11  7  1  2]
 [ 0  0  0 24  0  1  0  1  8  0  6]
 [ 8  5  0  0 25  0  0  1  1  1  4]
 [ 1  3  0  5  0 13  0  1  1  6 12]
 [ 1  3  1  9  4  0  6  0  1  1 20]
 [ 0  0  3  1  0  0  0 25  2  0 16]
 [ 0 17  0  3  0  0  0  1 21  5  4]
 [ 4  8  0  1  1  0  0  2  5  7  9]
 [ 0  0  0  0  0  0  0  0  0  0  0]]

[[35  1  0  0  1  0  5  1  0  1]
 [ 0 42  0  0  0  1  1  0  0  3]
 [ 0  5 37  0  0  2  0  5  1  1]
 [ 0  1  0 22  0  4  1  6  0  6]
 [ 0  3  0  0 38  1  0  3  0  0]
 [ 0  0  1  0  0 36  3  0  0  2]
 [ 0  3  0  0  0  0 42  0  0  1]
 [ 0  1  0  0  0  1  0 45  0  0]
 [ 0 24  3  0  0  3  2  3 14  2]
 [ 0  2  0  0  0  2  2  0  0 31]]